[redshift]
temp-day=2100
temp-night=2100
brightness-day=0.30
brightness-night=0.30
fade=0
location-provider=manual

[manual]
lat=38.61670684814453
lon=-95.26720428466797
