[redshift]
temp-day=5500
temp-night=2600
brightness-day=0.90
brightness-night=0.60
fade=0
location-provider=manual

[manual]
lat=38.61670684814453
lon=-95.26720428466797
