[redshift]
temp-night=2600
brightness-day=1.0
brightness-night=0.75
fade=1
location-provider=manual

[manual]
lat=38.61670684814453
lon=-95.26720428466797
