[redshift]
temp-night=2600
brightness-day=1.0
brightness-night=0.7
fade=1
location-provider=manual

[manual]
lat=43.93413641090386
lon=-69.93781171056537
